

 Serial number=1
=======================================================================================
1: min_inc=1  max_inc=14  prob_inc=(0.058, 0.109, 0.143, 0.156, 0.148, 0.125, 0.097, 0.068, 0.044, 0.026, 0.014, 0.007, 0.003, 0.001, )

1: lower_inf=-5  upper_inf=16  prob_inf=(1.000, 1.000, 1.000, 1.000, 1.000, 1.000, 1.000, 1.000, 1.000, 1.000, 1.000, 1.000, 0.800, 0.800, 0.600, 0.600, 0.400, 0.400, 0.300, 0.300, 0.100, 0.100, )
=======================================================================================

# Estimates of b
1.492537e-004,  6.358684e-005,  6.475328e-005,  3.439856e-004

# Estimates of p
1.913090e-002,  2.760058e-003,  1.440851e-002,  2.536123e-002
1.251462e-002,  2.756503e-003,  8.118564e-003,  1.924487e-002

# Estimates of u
9.179104e-001,  2.371328e-002,  8.578404e-001,  9.539600e-001

# Estimates of q

# Estimates of odds ratios for c2p exposure

# Estimates of odds ratios for p2p exposure
          0.41388478,            0.16283787,            0.19141613,            0.89491210,            0.02494809

# Estimates of odds ratios for pathogenicity

# Estimates of odds ratios for pre-immunity level

# Estimates of CPI
0.000000e+000,  0.000000e+000,  0.000000e+000,  0.000000e+000

# Estimates of SAR
1.552478e-001,  2.160547e-002,  1.174380e-001,  2.024385e-001
1.040936e-001,  2.287304e-002,  6.702785e-002,  1.581811e-001

# Estimates of R0
          0.58644229,            0.07881705,            0.45063285,            0.76318130
          0.76183531,            0.10314147,            0.58427676,            0.99335294

#Log-likelihood
       -786.74379728

#Covariance Matrix Estimates
4.043286e-009  -1.061428e-008  -1.427711e-008  -1.790935e-023  1.207821e-007  
-1.061428e-008  7.617921e-006  2.155103e-006  1.653362e-021  -3.151810e-004  
-1.427711e-008  2.155103e-006  7.598308e-006  1.695762e-021  -1.928209e-004  
-1.790935e-023  1.653362e-021  1.695762e-021  5.623198e-004  -7.733751e-020  
1.207821e-007  -3.151810e-004  -1.928209e-004  -7.733751e-020  2.651617e-002  


#Covariance Matrix Estimates for logit(b), logit(p) and log(OR)
1.815575e-001  -3.790393e-003  -7.741623e-003  -1.592690e-018  1.955522e-003  
-3.790393e-003  2.163434e-002  9.293373e-003  1.169320e-018  -4.058206e-002  
-7.741623e-003  9.293373e-003  4.975312e-002  1.821078e-018  -3.769871e-002  
-1.592690e-018  1.169320e-018  1.821078e-018  9.903917e-002  -2.479834e-018  
1.955522e-003  -4.058206e-002  -3.769871e-002  -2.479834e-018  1.547932e-001  

